[gd_scene load_steps=13 format=3 uid="uid://cr0vl3ekkvcnn"]

[ext_resource type="PackedScene" uid="uid://0nxicyyoxvju" path="res://scenes/disks/disk_default.tscn" id="2_6iamk"]
[ext_resource type="Script" uid="uid://dgcceg4n5yq2p" path="res://scenes/wiper_mechanic/time_wiper.gd" id="3_6761a"]
[ext_resource type="Script" uid="uid://cs112y3a3013t" path="res://scenes/levels/simple_mover.gd" id="3_nsrm0"]
[ext_resource type="Shader" uid="uid://ddv4i5hwh2yjy" path="res://scenes/_debug/yannik/dissolve.gdshader" id="4_x42e6"]

[sub_resource type="BoxShape3D" id="BoxShape3D_nsrm0"]

[sub_resource type="StandardMaterial3D" id="StandardMaterial3D_6iamk"]
albedo_color = Color(0.990235, 0, 0.288562, 1)

[sub_resource type="BoxMesh" id="BoxMesh_nsrm0"]
material = SubResource("StandardMaterial3D_6iamk")

[sub_resource type="FastNoiseLite" id="FastNoiseLite_6761a"]

[sub_resource type="NoiseTexture3D" id="NoiseTexture3D_sk5k4"]
noise = SubResource("FastNoiseLite_6761a")

[sub_resource type="ShaderMaterial" id="ShaderMaterial_oc4kc"]
render_priority = 0
shader = ExtResource("4_x42e6")
shader_parameter/expansion_max = 0.2
shader_parameter/transition_in = -0.5
shader_parameter/transition_out = 0.5
shader_parameter/surface_albedo = Vector3(1, 1, 1)
shader_parameter/dissolve_noise_texture = SubResource("NoiseTexture3D_sk5k4")
shader_parameter/intersector_pos = Vector3(0, 0, 0)
shader_parameter/intersector_radius = 0.0
shader_parameter/p_vec = Vector3(-18.91, 0, 0)
shader_parameter/b_vec = Vector3(0, 0, 0)

[sub_resource type="BoxMesh" id="BoxMesh_x42e6"]
material = SubResource("ShaderMaterial_oc4kc")
size = Vector3(10, 2, 1)

[sub_resource type="BoxShape3D" id="BoxShape3D_6761a"]
size = Vector3(10, 2, 1)

[node name="Level1" type="Node3D"]

[node name="TimeWiper" type="Node" parent="." node_paths=PackedStringArray("disks")]
script = ExtResource("3_6761a")
disks = [NodePath("../Disk0"), NodePath("../Disk1"), NodePath("")]
colors = Array[Color]([Color(1, 0, 0, 0.486275), Color(0, 1, 0, 0.509804), Color(0, 0, 1, 0.505882)])
metadata/_custom_type_script = "uid://dgcceg4n5yq2p"

[node name="Disk0" parent="." instance=ExtResource("2_6iamk")]

[node name="RigidBody3D" type="RigidBody3D" parent="Disk0"]
transform = Transform3D(0.722255, 0, -0.691627, 0, 1, 0, 0.691627, 0, 0.722255, -5.133868, 0.64391106, 3.761426)
script = ExtResource("3_nsrm0")

[node name="CollisionShape3D" type="CollisionShape3D" parent="Disk0/RigidBody3D"]
shape = SubResource("BoxShape3D_nsrm0")

[node name="MeshInstance3D" type="MeshInstance3D" parent="Disk0/RigidBody3D"]
mesh = SubResource("BoxMesh_nsrm0")

[node name="StaticBody3D" type="StaticBody3D" parent="Disk0" groups=["wipeable"]]
transform = Transform3D(1, 0, 0, 0, 1, 0, 0, 0, 1, -7.0260124, 1, -0.10640478)

[node name="MeshInstance3D" type="MeshInstance3D" parent="Disk0/StaticBody3D"]
transform = Transform3D(1, 0, 0, 0, 1, 0, 0, 0, 1, -1.9442387, 0, -0.49867868)
mesh = SubResource("BoxMesh_x42e6")

[node name="CollisionShape3D" type="CollisionShape3D" parent="Disk0/StaticBody3D"]
shape = SubResource("BoxShape3D_6761a")

[node name="StaticBody3D2" type="StaticBody3D" parent="Disk0" groups=["wipeable"]]
transform = Transform3D(0.96120876, 0, -0.2758219, 0, 1, 0, 0.2758219, 0, 0.96120876, 8.347767, 1, 4.830802)

[node name="MeshInstance3D" type="MeshInstance3D" parent="Disk0/StaticBody3D2"]
transform = Transform3D(1, 0, 0, 0, 1, 0, 0, 0, 1, -1.9442387, 0, -0.49867868)
mesh = SubResource("BoxMesh_x42e6")

[node name="CollisionShape3D" type="CollisionShape3D" parent="Disk0/StaticBody3D2"]
shape = SubResource("BoxShape3D_6761a")

[node name="Disk1" parent="." instance=ExtResource("2_6iamk")]
transform = Transform3D(1, 0, 0, 0, 1, 0, 0, 0, 1, 27.815954, 0, -1.1258316)
disk_id = 1

[node name="DirectionalLight3D" type="DirectionalLight3D" parent="."]
transform = Transform3D(0.923404, 0.331038, -0.194264, -0.040033, 0.586425, 0.809014, 0.381736, -0.73927, 0.55476, -4.13683, 5.00266, 0)

[node name="Camera3D" type="Camera3D" parent="."]
transform = Transform3D(0.99987763, -0.013245553, 0.00837206, 0, 0.53428704, 0.845303, -0.015669588, -0.8451994, 0.5342216, 1.1272223, 16.070877, 12.194938)
